nbSamples=10000000
pi≈3.1417004
time=0.027987465 s
